USAGE_STATS~
3 2 4 4 3 4 2
3 2 4 2 3 4 2
7 2 9 2 3 9 3
5 2 7 2 6 8 3
5 4 11 2 3 9 3
5 4 11 5 3 9 5
6 4 9 7 5 4 5
5 3 11 4 6 4 3
7 3 8 7 6 4 3
7 3 8 6 6 5 3
6 3 9 4 6 1 3
8 3 4 3 4 3 3
2 3 4 3 4 4 3
2 4 10 3 4 3 3
2 0 4 3 4 3 3
2 4 4 9 4 0 5
8 4 1 9 4 0 5
2 9 1 8 4 2 3
2 4 4 3 4 2 3
2 4 0 3 4 3 3
2 4 4 3 4 2 3
2 5 4 3 4 2 8
2 4 4 3 4 2 2
2 4 4 3 4 2 2
0 0 0 0 0 0 0
0 0 0 2 0 0 0
0 0 0 0 0 0 0
0 0 1 0 0 0 0
0 0 0 0 0 0 0
0 0 0 0 0 0 0
0 0 0 0 0 0 0
0 0 0 0 0 0 0
0 0 0 0 0 0 0
0 0 0 0 0 0 0
0 0 1 0 0 0 0
0 0 1 3 0 0 0
0 0 0 0 0 0 0
0 0 0 0 0 0 0
0 0 0 0 0 0 0
0 0 0 5 0 0 0
0 0 0 0 0 0 0
0 0 0 0 0 0 0
0 0 0 0 0 0 0
0 0 0 0 0 0 0
0 0 1 0 0 0 0
0 0 1 0 0 0 1
0 0 0 0 0 0 0
0 0 0 0 0 0 0
#Usagestats
